
Event Num.      0    451     605      69      97      57      70      82      92      84      91      60      71      71      86      78      69 
Event Num.      1    556     985      69      97      58      69      83      92      84      91      60      72      71      87      78      69 
Event Num.      2    313     502      68      97      57      70      82      92      85      91      60      71      71      86      77      69 
Event Num.      3    700    1094      69      97      58      70      82      92      84      91      60      72      71      87      78      69 
Event Num.      4    270     487      69      97      58      70      81      93      84      91      61      71      71      87      78      69 
Event Num.      5    249     396      69      97      57      70      81      92      84      91      60      71      71      86      78      69 
Event Num.      6    441     540      69      98      58      71      82      92      84      91      60      72      71      87      78      69 
Event Num.      7    381    1030      69      97      57      70      82      93      84      91      60      72      71      87      78      69 
Event Num.      8    646    1257      69      98      57      70      82      92      85      91      60      71      71      87      78      69 
Event Num.      9    319     689      69      97      59      69      83      91      84      91      60      72      71      87      78      69 
Event Num.     10    703    1566      69      97      57      70      81      92      84      91      60      71      71      86      78      68 
Event Num.     11    773     822      69      97      58      70      82      92      84      91      60      71      71      86      78      69 
Event Num.     12    691    2039      69      97      58      69      82      92      84      91      60      71      71      87      78      69 
Event Num.     13    245     563      68      98      57      70      81      93      84      92      60      71      71      87      78      69 
Event Num.     14   1049    1411      69      97      58      70      82      93      84      91      60      72      71      87      78      69 
Event Num.     15    409     537      69      97      58      70      81      93      84      92      60      72      71      87      78      69 
Event Num.     16    257     583      69      97      58      70      82      93      84      91      60      72      71      86      78      69 
Event Num.     17    410     452      68      97      58      71      82      92      84      91      60      71      71      87      78      69 
Event Num.     18    314    1275      68      97      57      70      81      92      85      91      60      71      71      87      78      69 
Event Num.     19    302     494      68      97      57      70      82      92      84      92      60      71      71      87      78      69 
Event Num.     20    758    1319      68      97      58      70      82      93      85      91      60      71      71      87      78      69 
Event Num.     21    351     493      69      97      57      70      82      93      84      91      60      71      71      86      78      69 
Event Num.     22    374     732      68      97      58      69      83      92      84      92      60      72      71      87      78      69 
Event Num.     23    836     879      69      97      57      70      82      92      84      91      60      72      71      87      78      69 
Event Num.     24    547     629      69      98      58      70      82      92      84      92      60      71      71      86      78      69 
Event Num.     25    676     713      69      97      58      69      83      92      84      91      60      72      71      87      78      69 
Event Num.     26    527     586      69      97      58      69      82      92      85      91      60      72      71      86      78      69 
Event Num.     27    359     524      69      97      57      70      81      93      84      91      60      71      71      86      78      69 
Event Num.     28    215     664      68      97      58      69      83      91      85      92      60      72      71      86      78      69 
Event Num.     29    383    1070      69      97      58      70      82      93      85      92      60      71      71      87      78      69 
Event Num.     30    364     640      69      97      58      70      81      92      84      91      60      71      71      86      78      69 
Event Num.     31    292     749      69      97      58      70      82      92      84      92      60      72      71      87      78      69 
Event Num.     32    427     507      69      96      58      70      82      93      84      91      60      72      71      87      78      69 
Event Num.     33    407     796      69      98      58      70      81      93      84      92      60      71      71      87      78      69 
Event Num.     34    933    1317      69      98      58      70      83      92      84      91      60      72      71      87      78      69 
Event Num.     35    430    1541      69      97      58      69      83      92      84      91      60      72      71      87      78      69 
Event Num.     36    485    2119      69      97      58      70      82      92      84      91      60      71      71      87      78      69 
Event Num.     37    316     637      69      98      58      70      83      92      84      92      60      72      71      87      78      69 
Event Num.     38    462     538      69      97      58      70      82      93      84      91      60      72      71      87      78      69 
Event Num.     39    278     679      69      97      57      70      82      93      84      91      60      72      71      87      78      69 
Event Num.     40    514     932      68      98      58      69      83      92      84      92      60      72      71      87      78      69 
Event Num.     41    267     505      69      98      57      70      82      93      84      91      60      71      71      86      78      69 
Event Num.     42    384     807      69      98      58      70      81      92      84      92      60      72      71      87      78      69 
Event Num.     43   1925    3426      69      98      57      70      83      92      84      92      60      72      71      87      78      69 
Event Num.     44    602    1358      69      98      57      70      82      92      84      91      60      72      71      87      78      69 
Event Num.     45    382     655      69      97      58      70      82      93      84      91      60      71      71      87      78      69 
Event Num.     46    217     658      69      96      58      69      82      92      85      91      60      72      71      87      78      69 
Event Num.     47    254     995      69      98      58      70      81      92      85      92      60      72      71      87      78      69 
Event Num.     48   1282     505      69      97      57      70      81      93      85      91      60      72      71      87      78      69 
Event Num.     49    407     567      69      96      58      70      82      93      84      92      60      72      71      87      78      69 
Event Num.     50   1316    1256      70      96      58      69      83      92      84      91      61      72      71      87      78      69 
Event Num.     51   1120    1510      69      97      57      71      81      93      85      92      60      72      71      87      78      69 
Event Num.     52    316     500      69      98      58      70      82      92      85      92      60      72      71      87      78      69 
Event Num.     53    584     599      69      97      58      70      81      93      85      91      60      72      71      86      78      69 
Event Num.     54    544     570      69      97      59      70      82      93      84      91      60      71      71      87      78      69 
Event Num.     55    311     646      69      96      58      69      83      92      85      92      60      72      71      87      78      69 
Event Num.     56    299     527      69      97      58      70      81      92      85      91      61      72      71      87      78      69 